animation 0
bone 0 head 0 1 0 6.70307 0 0 0 0 0
bone 1 top-left-hend 1 1 0.918695 5.69586 -0.306232 0 0 0 0
bone 2 down-left-hend 1 1 1.32483 5.12923 -0.334859 73.7887 1 0 0
bone 3 top-right-hend 3 1 -0.815614 5.7023 -0.306232 17.9486 -1 1.73814e-018 1.10061e-017
bone 4 down-right-hend 3 1 -1.25295 5.18488 -0.0944294 17.9486 -1 0 0
bone 5 body 5 1 5.04771e-017 4.7636 0 0 0 0 0
bone 6 top-left-leg 6 1 0.510386 3.53864 0 0 0 0 0
bone 7 down-left-leg 6 1 0.508216 1.63173 0.00879402 0 0 0 0
bone 8 top-right-leg 8 1 -0.510494 3.63338 0 0 0 0 0
bone 9 down-right-leg 8 1 -0.504289 2.65691 -0.021585 5.60542 0 1 0
animation 1
bone 0 head 0 1 0 6.70307 0 0 0 0 0
bone 1 top-left-hend 1 1 0.918695 5.69586 -0.306232 0 0 0 0
bone 2 down-left-hend 1 1 1.32483 5.12923 -0.300833 105.199 1 0 0
bone 3 top-right-hend 3 1 -0.853711 5.73633 -0.236683 28.5143 -0.998444 0.0506285 -0.0233764
bone 4 down-right-hend 3 1 -1.28636 5.28642 0.00837415 48.927 -0.856554 0.46452 0.224803
bone 5 body 5 1 5.04771e-017 4.7636 0 0 0 0 0
bone 6 top-left-leg 6 1 0.510386 3.53864 0.135475 26.9229 -1 0 0
bone 7 down-left-leg 6 1 0.508216 1.83625 0.41742 8.9743 1 -1.43645e-017 1.83043e-016
bone 8 top-right-leg 8 1 -0.510494 3.63338 0 0 0 0 0
bone 9 down-right-leg 8 1 -0.504289 2.65691 -0.021585 5.60542 0 1 0
animation 2
bone 0 head 0 1 0 6.70307 0 0 0 0 0
bone 1 top-left-hend 1 1 0.918695 5.69586 -0.306232 0 0 0 0
bone 2 down-left-hend 1 1 1.32483 5.12923 -0.334859 73.7887 1 0 0
bone 3 top-right-hend 3 1 -0.815614 5.7023 -0.306232 17.9486 -1 1.73814e-018 1.10061e-017
bone 4 down-right-hend 3 1 -1.25295 5.18488 -0.0944294 17.9486 -1 0 0
bone 5 body 5 1 5.04771e-017 4.7636 0 0 0 0 0
bone 6 top-left-leg 6 1 0.510386 3.53864 0.0680515 15.705 -1 0 0
bone 7 down-left-leg 6 1 0.508216 1.63173 0.587147 17.9486 -1 0 0
bone 8 top-right-leg 8 1 -0.510494 3.63338 0 8.9743 1 0 0
bone 9 down-right-leg 8 1 -0.504498 2.65691 -0.225739 10.578 0.847714 0.528828 0.0415003
animation 3
bone 0 head 0 1 0 6.70307 0 0 0 0 0
bone 1 top-left-hend 1 1 0.918695 5.69586 -0.306232 0 0 0 0
bone 2 down-left-hend 1 1 1.32483 5.12923 -0.334859 73.7887 1 0 0
bone 3 top-right-hend 3 1 -0.815614 5.7023 -0.306232 17.9486 -1 1.73814e-018 1.10061e-017
bone 4 down-right-hend 3 1 -1.25295 5.18488 -0.0944294 17.9486 -1 0 0
bone 5 body 5 1 5.04771e-017 4.7636 0 0 0 0 0
bone 6 top-left-leg 6 1 0.510386 3.53864 0 0 0 0 0
bone 7 down-left-leg 6 1 0.508216 1.63173 0.00879402 0 0 0 0
bone 8 top-right-leg 8 1 -0.510494 3.63338 0 0 0 0 0
bone 9 down-right-leg 8 1 -0.504289 2.65691 -0.021585 5.60542 0 1 0
animation 4
bone 0 head 0 1 0 6.70307 0 0 0 0 0
bone 1 top-left-hend 1 1 0.918695 5.69586 -0.306232 50.5788 -0.973722 0.213737 0.0786289
bone 2 down-left-hend 1 1 1.39288 5.36741 -0.0286273 59.472 0.804892 -0.45054 0.386216
bone 3 top-right-hend 3 1 -0.815614 5.7023 -0.306232 4.48715 -1 1.73816e-018 4.43653e-017
bone 4 down-right-hend 3 1 -1.25295 5.18488 -0.196507 8.97431 1 0 0
bone 5 body 5 1 5.04771e-017 4.7636 0 0 0 0 0
bone 6 top-left-leg 6 1 0.510386 3.53864 0 0 0 0 0
bone 7 down-left-leg 6 1 0.508216 1.63173 0.00879402 0 0 0 0
bone 8 top-right-leg 8 1 -0.510494 3.63338 0.136103 33.6536 -1 0 0
bone 9 down-right-leg 8 1 -0.50298 2.8964 0.558161 19.0327 0.947931 0.310529 -0.0707002
animation 5
bone 0 head 0 1 0 6.70307 0 0 0 0 0
bone 1 top-left-hend 1 1 0.918695 5.69586 -0.306232 0 0 0 0
bone 2 down-left-hend 1 1 1.32483 5.12923 -0.334859 73.7887 1 0 0
bone 3 top-right-hend 3 1 -0.815614 5.7023 -0.306232 17.9486 -1 1.73814e-018 1.10061e-017
bone 4 down-right-hend 3 1 -1.25295 5.18488 -0.0944294 17.9486 -1 0 0
bone 5 body 5 1 5.04771e-017 4.7636 0 0 0 0 0
bone 6 top-left-leg 6 1 0.510386 3.60667 -0.0340257 11.2179 1 4.90674e-018 -2.24697e-017
bone 7 down-left-leg 6 1 0.508216 1.66576 -0.535606 15.705 1 -8.40568e-018 2.2141e-017
bone 8 top-right-leg 8 1 -0.54452 3.63338 0.105078 24.6793 -1 0 0
bone 9 down-right-leg 8 1 -0.504289 2.69094 0.448792 25.2983 -0.974751 0.218136 -0.0477195
