animation 0
bone 0 head 0 1 0 3.41304 0 0 0 0 0
bone 1 top-left-hend 1 1 0.30304 2.93081 -0.0709506 31.0901 -0.188797 0.0633157 -0.979973
bone 2 down-left-hend 2 1 0.460327 2.44936 0.0724005 41.1862 0.170448 -0.182303 -0.968356
bone 3 top-right-hend 3 1 -0.315109 2.8955 -0.0723933 42.3345 -0.388712 -0.307332 0.868591
bone 4 down-right-hend 4 1 -0.413026 2.39075 0.0970502 42.7091 0.141315 0.517902 0.843687
bone 5 body 5 1 5.04771e-017 2.38739 0 0 0 0 0
bone 6 top-left-leg 6 1 0.192958 1.94484 -0.0498752 12.5794 -0.185918 0.268411 -0.945193
bone 7 down-left-leg 7 1 0.169467 1.07537 -0.0917927 12.8578 0 0 -1
bone 8 top-right-leg 8 1 -0.166971 1.85346 -0.0591128 12.2909 -0.331164 0.0988792 0.938378
bone 9 down-right-leg 9 1 -0.208967 1.12532 -0.0722994 12.2918 -0.156843 0.10431 0.9821
animation 1
bone 0 head 0 1 0 3.41304 0 0 0 0 0
bone 0 head 0 1 0 3.41304 0 0 0 0 0
bone 1 top-left-hend 1 1 0.30304 2.93081 -0.0709506 46.3334 -0.48813 -0.0126249 -0.87268
bone 2 down-left-hend 2 1 0.398271 2.4647 0.219204 50.2137 -0.118093 -0.273891 -0.954483
bone 3 top-right-hend 3 1 -0.315109 2.8955 -0.0723933 38.8678 -0.0119292 -0.466411 0.884488
bone 4 down-right-hend 4 1 -0.413026 2.39075 -0.0647421 51.4374 0.368704 0.360829 0.856656
bone 5 body 5 1 5.04771e-017 2.38739 0 0 0 0 0
bone 6 top-left-leg 6 1 0.192958 1.94484 -0.0574794 12.5794 -0.185918 0.268411 -0.945193
bone 7 down-left-leg 7 1 0.169467 1.07537 -0.0917927 12.9555 0.122312 0.013782 -0.992396
bone 8 top-right-leg 8 1 -0.155316 1.85346 -0.0432291 25.3076 -0.887339 0.12121 0.444902
bone 9 down-right-leg 9 1 -0.199838 1.17603 0.165528 18.8668 -0.764082 0.137762 0.630238
animation 2
bone 0 head 0 1 0 3.41304 0 0 0 0 0
bone 1 top-left-hend 1 1 0.30304 2.93081 -0.0709506 33.7661 -0.422858 -0.00965066 -0.906145
bone 2 down-left-hend 2 1 0.460327 2.44936 0.130465 41.11 -0.160016 -0.301099 -0.940071
bone 3 top-right-hend 3 1 -0.315109 2.8955 -0.0723933 39.573 -0.184651 -0.403568 0.896123
bone 4 down-right-hend 4 1 -0.412967 2.39075 0.00717027 45.53 0.363493 0.408875 0.837075
bone 5 body 5 1 5.04771e-017 2.38739 0 0 0 0 0
bone 6 top-left-leg 6 1 0.189997 1.94484 -0.0478887 15.8322 0.623765 0.292597 -0.724779
bone 7 down-left-leg 7 1 0.169467 1.13409 -0.26748 34.4096 0.925581 0.104293 -0.363899
bone 8 top-right-leg 8 1 -0.166971 1.85346 -0.0591128 12.2909 -0.331164 0.0988792 0.938378
bone 9 down-right-leg 9 1 -0.208967 1.12532 -0.0722994 12.2918 -0.156843 0.10431 0.9821
animation 3
bone 0 head 0 1 0 3.41304 0 0 0 0 0
bone 1 top-left-hend 1 1 0.30304 2.93081 -0.0709506 31.0901 -0.188797 0.0633157 -0.979973
bone 2 down-left-hend 2 1 0.460327 2.44936 0.0724005 41.1862 0.170448 -0.182303 -0.968356
bone 3 top-right-hend 3 1 -0.315109 2.8955 -0.0723933 42.3345 -0.388712 -0.307332 0.868591
bone 4 down-right-hend 4 1 -0.413026 2.39075 0.0970502 42.7091 0.141315 0.517902 0.843687
bone 5 body 5 1 5.04771e-017 2.38739 0 0 0 0 0
bone 6 top-left-leg 6 1 0.192958 1.94484 -0.0498752 12.5794 -0.185918 0.268411 -0.945193
bone 7 down-left-leg 7 1 0.169467 1.07537 -0.0917927 12.8578 0 0 -1
bone 8 top-right-leg 8 1 -0.166971 1.85346 -0.0591128 12.2909 -0.331164 0.0988792 0.938378
bone 9 down-right-leg 9 1 -0.208967 1.12532 -0.0722994 12.2918 -0.156843 0.10431 0.9821
animation 4
bone 0 head 0 1 0 3.41304 0 0 0 0 0
bone 1 top-left-hend 1 1 0.30304 2.91546 -0.0709506 32.3978 0.33172 0.199478 -0.922047
bone 2 down-left-hend 2 1 0.460327 2.44936 -0.0738834 45.329 0.437061 -0.0624757 -0.89726
bone 3 top-right-hend 3 1 -0.329497 2.88009 -0.0617173 48.1265 -0.578137 -0.191433 0.793165
bone 4 down-right-hend 4 1 -0.442815 2.40509 0.206135 56.3878 -0.215346 0.534513 0.817265
bone 5 body 5 1 5.04771e-017 2.38739 0 0 0 0 0
bone 6 top-left-leg 6 1 0.191781 1.94484 -0.0361205 27.13 -0.888463 0.0394248 -0.457252
bone 7 down-left-leg 7 1 0.169467 1.10862 0.248073 25.913 -0.866374 -0.097622 -0.489761
bone 8 top-right-leg 8 1 -0.166971 1.85346 -0.0591128 12.2909 -0.331164 0.0988792 0.938378
bone 9 down-right-leg 9 1 -0.208967 1.12532 -0.0722994 12.7744 0.310844 0.0514375 0.949068
animation 5
bone 0 head 0 1 0 3.41304 0 0 0 0 0
bone 1 top-left-hend 1 1 0.30304 2.91637 -0.0709506 30.9326 0.16137 0.158798 -0.974034
bone 2 down-left-hend 2 1 0.443728 2.4327 -0.0373762 43.8939 0.374281 -0.0929003 -0.92265
bone 3 top-right-hend 3 1 -0.314217 2.8955 -0.057892 47.9727 -0.57465 -0.193861 0.795107
bone 4 down-right-hend 4 1 -0.431652 2.40628 0.218995 42.4306 -0.0875558 0.594674 0.799185
bone 5 body 5 1 5.04771e-017 2.38739 0 0 0 0 0
bone 6 top-left-leg 6 1 0.192958 1.94484 -0.0498752 12.5794 -0.185918 0.268411 -0.945193
bone 7 down-left-leg 7 1 0.169467 1.07537 -0.0917927 12.8578 0 0 -1
bone 8 top-right-leg 8 1 -0.166971 1.88845 -0.0757716 14.297 0.584037 -0.00306322 0.811721
bone 9 down-right-leg 9 1 -0.208967 1.18868 -0.233592 28.2685 0.901395 -0.0579675 0.429099
